1.901777492059732
0.9549458154629986
0.8418508635736002
10.203063194657572
2.477718876397003
2.831632922276808
0.17241112876874157
-0.46140805972020604
-0.05226707737225369
-0.33731617932228014
-0.1353337537997992
-0.7591793758480091
-0.6388254073412244
-0.46200990570885797
-0.5123735317091509
-1.1080229985416412
-1.0159844364593769
-0.5872160842940645
-1.2244171630621414
-1.257632805710451
-1.5867414896170942
-1.3919538977602808
0.24550759006235176
0.25037189139292165
0.7510946339097251
1.8439535962491036
-0.27434286880141134
1.204021369070572
-0.7559306274032194
1.67095623050421
0.05003489840775953
-0.8399954872099585
0.6624049874380282
0.8425829916635872
-0.8299350196600306
-1.325776423272469
-0.983771894459107
-0.7118113165531049
-0.13287077225663516
-0.14674343467141776
-0.02148941092267106
0.6325174013020537
-1.0577762147596945
-0.80898712014904
-0.4197313769489088
-0.9695325901153256
-0.8993820104361251
0.38230564214251445
0.4099004041170064
0.11784003642296385
0.539409698303616
-0.24712180499998457
-0.5646406090814031
-0.5079434897831477
-0.3245168281138056
-1.1010275994579724
-1.5258231501797175
-0.5284833957049173
0.8014923011865378
-0.8952788361995943
-0.42659467485859054
-0.5943665174605467
-0.8572531263498138
-0.41280900718447444
0.47949282993573733
0.31643869545044384
-0.521402940579102
-0.8465803923396563
0.28373287121095586
-0.6489401080723284
-0.11378300098335745
-0.3326855235360889
0.29536496174791205
0.32299319317980507
0.4666664602269202
-0.40976699550456114
-0.12838990781737988
-0.12861359331790545
-0.00458918734578477
-0.07302022118614582
-0.05639096638278432
-0.02483765519331722
-0.2881458642665613
0.046835917187068914
0.17662477399425267
0.6322070561747626
-0.038248942801137144
0.32702583402791807
-0.17202372333551116
-0.6292770892913394
-0.3396977914215539
-0.2715239724535014
-0.28718230381053184
0.4396196609837208
-0.03783355584532752
-0.136251392632661
-0.2753239744161442
-0.0036186726912812222
-0.7069193581770759
0.005375057358725814
-0.1682164961848859
-0.15084052779917034
0.24385362395981078
-0.5242358623766319
0.2165866386381801
-0.12077971636752251
